,tot_Prec_Intg
0,670.2901422977448
1,789.9486273527145
2,740.4504716396332
3,700.012594461441
4,622.292160987854
5,811.4123344421387
6,895.3651040792465
7,781.6878706216812
8,740.874633193016
9,486.75864934921265
10,497.8037625551224
11,501.0855197906494
12,549.657940864563
13,893.7624096870422
14,918.7942743301392
15,861.6913110017776
16,1011.1536085605621
17,959.7510099411011
18,908.6934477090836
19,701.0125368833542
20,539.9145931005478
21,680.7183474302292
22,552.4075776338577
23,519.479364156723
24,740.109458565712
25,606.435164809227
26,437.9209876060486
27,380.19634783267975
28,503.46240401268005
29,657.0948660373688
30,538.2999032735825
31,371.3161498308182
32,301.52156949043274
33,432.82628059387207
34,385.487824678421
35,290.0351583957672
36,495.980903506279
37,629.6044588088989
38,675.5834817886353
39,564.5336955785751
40,496.3860660791397
41,407.8073054552078
42,440.47556817531586
43,341.47873520851135
44,270.06886899471283
45,441.3115978240967
46,478.171706199646
